A B dosage
370.96426 1333.94263 2
395.09714 1308.74451 2
420.67941 1709.34375 2
464.94876 1681.42554 2
524.70911 1717.96619 2
656.02374 1895.45288 2
779.71118 2052.05469 2
813.02881 1999.24878 2
484.07993 1422.81165 2
657.2207 1542.78918 2
603.85358 1581.60388 2
434.62448 1516.36511 2
438.41632 1875.46338 2
305.2569 1634.01526 2
434.3475 1493.41992 2
344.85544 1617.96753 2
749.37128 1826.02502 2
327.61874 1450.5144 2
1371.89783 873.0611 1
425.02899 1801.20215 2
485.0795 2250.6355 2
517.67133 1404.14087 2
334.46378 1568.87671 2
1458.63086 1852.77588 1
375.58469 1570.37512 2
413.54111 1385.22681 2
508.67224 1313.08643 2
443.38736 1736.42761 2
446.74429 1823.19043 2
516.11658 1934.45911 2
1210.52527 1124.98022 1
551.75555 1566.21204 2
535.00067 1774.94287 2
1275.94702 980.87018 1
1511.52551 1172.02271 1
484.29901 1993.91833 2
706.26392 1557.14355 2
497.55676 1740.39319 2
510.96686 1867.026 2
615.00732 1803.38501 2
931.84039 1860.56946 2
1415.15369 1241.69751 1
1385.43762 1809.4491 1
543.78577 1586.33582 2
435.46194 1489.6405 2
359.83081 1527.86755 2
541.00439 1580.98328 2
1177.10254 1207.02832 1
1225.83118 1169.104 1
1281.14246 1067.66919 1
421.53119 1484.3291 2
1193.96704 1079.04773 1
686.58246 2086.30493 2
701.37445 1561.37183 2
458.45184 1839.23425 2
585.43793 2021.64465 2
481.88031 1619.45178 2
436.4985 1687.8479 2
575.18817 1622.26978 2
521.54016 1903.30334 2
413.89896 1946.62244 2
593.57648 1641.08179 2
429.76849 1865.40112 2
516.41864 2109.39331 2
729.81744 2133.50024 2
532.85443 1913.2262 2
1484.25269 2081.91846 1
1303.62915 1236.87598 1
643.33875 1465.1709 2
542.44165 1288.01208 2
422.22079 1355.84814 2
292.82632 1683.57324 2
430.00363 1317.11426 2
617.44708 1838.35486 2
352.58948 1433.13562 2
388.19647 1307.35742 2
480.53085 2069.67944 2
706.89697 1995.8855 2
527.05298 1701.72192 2
924.43799 1714.36389 2
537.75299 1747.73401 2
590.34198 1711.00244 2
705.74579 1989.04016 2
248.48697 515.64746 -1
542.50348 1569.48425 2
410.90207 1769.09143 2
315.06891 1784.4585 2
513.90247 1855.86084 2
463.84952 1881.92053 2
508.07324 2109.65894 2
890.05994 1644.52539 2
1620.36328 1074.07703 1
530.98486 1761.28381 2
426.68784 1342.85754 2
338.65607 407.7948 -1
548.31995 1579.25415 2
297.32892 1278.26233 2
359.87094 1533.33997 2
338.04007 958.74292 2
465.04898 1652.84851 2
445.30316 729.36688 -1
589.60718 1745.5603 2
491.03857 1493.64856 2
399.68637 1598.60376 2
526.02405 1827.1947 2
350.8876 1145.26709 2
526.29602 1341.078 2
664.96466 1590.15198 2
582.37274 1636.77344 2
325.93481 1373.61414 2
355.52625 1810.06958 2
525.35828 1788.49792 2
447.82501 1807.92078 2
430.3349 2074.59009 2
501.8981 1385.64832 2
301.95255 1603.97913 2
308.98569 1631.56042 2
284.33582 1969.35645 2
292.79645 1499.45093 2
473.25284 1725.24194 2
403.38223 1311.55139 2
490.21484 1449.06543 2
968.83362 920.39142 1
361.42212 764.08569 2
234.76271 1106.63635 2
434.13815 1884.32703 2
293.93137 1289.34985 2
316.4176 1458.26575 2
542.55084 1854.94958 2
358.37396 1243.3208 2
531.65729 1128.87561 2
249.73015 1059.48169 2
287.34335 1519.88257 2
382.47757 1199.67114 2
236.48012 880.61377 2
674.46759 1569.56592 2
405.47577 1594.02905 2
374.87506 1711.84705 2
461.7229 1374.06226 2
383.54819 1509.93201 2
264.72031 1247.22083 2
340.53006 1633.87805 2
594.16663 2168.86572 2
302.90695 1442.38953 2
413.89914 1830.47632 2
297.17911 1127.82422 2
388.45163 1291.98389 2
296.43295 714.29272 -1
401.64621 1687.11487 2
279.8765 1447.328 2
355.04849 1513.7124 2
929.00317 811.08148 1
260.64938 1046.94324 2
578.53217 1666.15588 2
404.22522 1408.47888 2
360.64432 1757.85388 2
262.1741 1407.5658 2
350.302 1506.43115 2
266.45581 1297.09375 2
231.89159 1375.56482 2
419.64941 1564.70862 2
277.11658 1632.6958 2
348.78308 1182.09399 2
368.58954 1629.65698 2
455.11804 1160.44861 2
656.42834 1419.4668 2
540.12366 1754.47827 2
301.13095 1590.48865 2
414.20023 1465.65027 2
321.62415 1300.32019 2
1066.62854 886.49609 1
868.81555 1575.7345 2
476.43613 1621.66724 2
751.07983 1526.48035 2
384.48462 1656.00562 2
443.55484 1861.46838 2
535.26349 2180.77808 2
430.15518 1393.89355 2
351.88422 1739.32056 2
417.45822 1199.40796 2
348.99719 1427.97937 2
590.68579 1918.09399 2
287.56418 986.39581 2
394.63849 1457.45801 2
231.4837 1311.03809 2
337.25244 1389.53418 2
405.05432 1644.17029 2
730.85486 2002.7334 2
1206.88098 1127.74304 1
477.14386 1349.02783 2
340.20889 962.55225 2
557.91962 1800.74622 2
250.99753 1108.33789 2
352.28229 1279.11841 2
369.64453 1437.45764 2
288.7402 1278.01733 2
625.21381 1700.79871 2
339.7569 530.68262 -1
322.71823 1573.01917 2
355.70071 1506.78748 2
171.35211 1283.39075 2
277.94064 1528.10437 2
462.46634 1819.68591 2
1119.26575 1030.01904 1
231.20164 1147.2052 2
423.59167 1755.21301 2
439.74036 1490.02209 2
422.46146 1286.04578 2
325.37857 1575.20117 2
1201.57007 1079.62268 1
198.46432 902.56317 2
334.04221 1473.10876 2
1102.80518 891.45013 1
403.8996 1611.10022 2
302.40759 1226.28247 2
318.30954 1449.69434 2
265.18878 1153.6228 2
537.48328 1376.82996 2
415.61679 1599.8772 2
454.15399 1566.13586 2
419.30399 1642.86536 2
241.0107 940.96161 2
389.52057 1269.98389 2
307.05441 1247.38147 2
406.64722 1497.25244 2
285.38486 1223.36462 2
408.58368 1577.43127 2
358.31107 1786.79651 2
257.47125 1093.276 2
567.87933 1398.54724 2
249.16362 1587.92883 2
401.62167 1794.40076 2
431.72098 1355.76025 2
382.49271 1693.43945 2
355.60678 1343.73059 2
361.86478 1493.45911 2
335.88461 905.96655 2
331.04053 1597.29846 2
463.91986 1349.26709 2
471.85107 1462.76184 2
415.71292 1444.47778 2
497.01825 1603.13428 2
399.96875 1634.53418 2
326.19336 1543.99097 2
473.77307 1286.48987 2
350.96658 1346.14453 2
221.01563 967.1424 2
285.59137 1392.25476 2
285.56195 966.53156 2
370.44687 1502.11157 2
326.12665 1466.65979 2
311.3895 1454.70715 2
288.02679 1404.56946 2
428.17975 1326.7218 2
377.19205 1187.96045 2
593.71918 1733.24609 2
324.28226 1442.65369 2
332.46933 1267.6449 2
301.4798 857.7511 2
1006.10645 837.09137 1
256.3457 892.71735 2
444.61932 1323.4823 2
757.10382 924.12061 1
1399.52795 945.66748 1
358.76395 1434.3717 2
457.39023 1587.17334 2
502.79303 1852.89697 2
459.2774 1788.14746 2
814.58722 585.3313 1
344.6506 1772.10303 2
1201.65833 1094.95483 1
252.87856 1245.38635 2
367.45239 1292.68579 2
422.95853 1161.44177 2
383.0275 1779.46814 2
445.20828 1467.73926 2
383.61694 1376.48926 2
339.43497 1963.49036 2
649.87836 1877.91711 2
234.35345 1203.65112 2
421.59149 2048.06348 2
303.91214 1152.92651 2
1291.8595 1067.30676 1
424.90457 1456.60132 2
393.28479 1280.88843 2
511.45975 1694.82324 2
392.04193 1917.13574 2
416.71677 1962.61804 2
308.79672 1434.66309 2
318.40289 1756.28455 2
276.57361 1679.43665 2
455.35986 1640.20569 2
251.23413 1402.88599 2
368.99014 1586.08313 2
457.14841 1462.72424 2
424.79355 1817.63928 2
351.07288 1468.03894 2
216.79185 1260.83704 2
370.25986 1691.31787 2
276.504 1422.16528 2
406.19684 1379.12915 2
294.81006 1376.48926 2
328.30121 1374.70715 2
954.14624 1221.17603 1
366.35648 1353.14709 2
338.95444 1601.99561 2
299.72092 1443.78296 2
292.24701 1512.93091 2
370.52725 1578.96045 2
402.04303 1711.81519 2
386.63733 1492.46741 2
602.2688 1579.33398 2
363.91028 1599.79333 2
369.31104 1850.84912 2
378.27582 1076.41968 2
420.034 1396.20178 2
440.27139 1096.48364 2
440.3978 1838.40039 2
472.86868 1440.86548 2
364.16458 1516.40125 2
417.51495 1752.64709 2
368.00089 1705.51147 2
427.05991 1685.12085 2
463.81989 1310.81177 2
805.07629 1651.31311 2
378.89194 1667.69238 2
364.77945 1583.77661 2
579.87909 1624.33643 2
566.20618 1655.20276 2
359.03351 1525.26379 2
368.3483 1469.42212 2
338.43359 1640.20569 2
492.11636 1413.97595 2
405.76242 1495.2926 2
293.3237 1434.11731 2
379.561 1593.43481 2
482.33478 1391.20825 2
301.7515 1495.52429 2
492.48398 1505.89758 2
364.33844 1768.09631 2
398.38528 1833.44104 2
495.78076 1761.09399 2
353.49283 1609.99744 2
280.78946 1698.77808 2
392.04324 1447.74487 2
300.98627 1600.13281 2
1025.73584 1118.69104 1
429.36847 1609.9552 2
290.7966 1469.19861 2
2465.74268 2740.36353 -1
564.87048 1700.11194 2
462.41034 1534.34351 2
690.14709 1729.62903 2
325.8327 1416.73901 2
400.34903 1470.32129 2
475.87054 1473.36584 2
371.18295 1391.86975 2
368.57602 1385.12451 2
370.07309 1236.84656 2
368.3613 1590.99536 2
874.91937 920.5332 1
377.16525 1892.15137 2
365.54141 1680.52051 2
437.08688 1418.07043 2
597.99664 1814.87476 2
896.49689 1352.94714 1
423.66116 1061.35815 2
454.23953 1542.63391 2
418.83578 1601.02051 2
407.04218 1411.36841 2
367.78668 1665.47754 2
386.81232 1431.60498 2
964.73901 1258.45068 1
336.3252 1742.32129 2
445.57504 1846.00854 2
445.75504 1863.39636 2
397.79019 1479.40259 2
383.49826 1709.24512 2
286.45837 1663.85669 2
413.98047 1818.25391 2
409.81351 1587.21729 2
356.91263 1605.55322 2
269.13623 1730.62891 2
389.49252 1246.026 2
402.31036 1250.58435 2
543.89337 1636.81714 2
623.4071 1330.08728 2
325.93216 1453.51306 2
419.47076 1388.30237 2
341.53308 1383.72498 2
426.23233 1211.79236 2
421.37949 1644.03931 2
348.72955 1543.19238 2
446.50598 1267.02185 2
442.49332 2019.31311 2
420.70709 1586.50525 2
399.18451 1453.06201 2
374.099 1150.81909 2
1146.16797 1026.74194 1
356.98767 1356.89856 2
366.53104 1816.04956 2
356.60114 1239.22742 2
328.90585 1339.37427 2
469.39087 1306.87561 2
473.50974 1189.06384 2
459.33151 1258.67151 2
408.33203 1774.7439 2
303.09665 1805.15906 2
629.32465 1334.26965 2
758.15326 1589.64551 2
388.54538 1522.8656 2
362.55875 1266.24878 2
451.40213 1180.14417 2
301.2822 1106.71448 2
538.01483 1340.74048 2
480.67661 1587.76453 2
473.92694 1296.48596 2
326.4126 1298.99207 2
455.85498 1569.28223 2
451.47336 1511.52698 2
257.87634 1472.33972 2
360.91443 1609.18848 2
449.3765 1602.9668 2
920.27863 1323.38831 1
404.03464 1387.74573 2
614.60156 1263.3147 2
325.22934 1490.40369 2
424.04639 1195.42493 2
285.74625 1326.59338 2
317.22525 1473.39612 2
306.11954 1522.74719 2
353.72095 1634.79919 2
409.31592 1576.35156 2
375.2764 1853.4165 2
1219.05249 925.90259 1
434.4873 1213.276 2
305.621 1384.07336 2
319.26202 1389.2533 2
339.80713 1290.11548 2
353.84039 1347.68079 2
456.86185 1557.34326 2
412.3439 1617.20081 2
383.1073 1532.26404 2
471.6196 1415.51611 2
376.18619 1247.92639 2
422.5376 1377.54846 2
893.50476 922.26514 1
362.29211 1441.44763 2
441.98846 1440.35645 2
415.69748 1614.42322 2
313.09009 1372.30945 2
437.75851 1406.40442 2
411.34158 1769.18933 2
471.67786 1344.57092 2
529.245 1815.58887 2
343.2099 1599.19617 2
369.82755 1171.14453 2
381.20343 1579.58325 2
437.74454 1271.45081 2
467.25644 1896.99451 2
310.71701 1237.96411 2
486.38095 1400.96753 2
749.75977 1469.60779 2
327.2562 1110.3866 2
467.15665 1977.48291 2
397.61078 1715.99463 2
531.97809 1944.448 2
433.44501 1830.01367 2
380.76251 1423.64233 2
397.34052 1458.33801 2
360.67426 1797.09119 2
253.71339 1652.80505 2
352.64328 1652.41113 2
367.94913 1231.03381 2
394.8139 1379.16467 2
370.45712 1279.52405 2
409.78128 1448.21167 2
421.04907 1625.24365 2
1182.8479 1211.40881 1
447.65549 1372.104 2
298.49875 935.59814 2
2651.32397 1980.4856 1
445.08047 1793.85059 2
479.2572 1729.86743 2
592.46008 1281.30078 2
359.17563 1647.97314 2
461.48056 1801.45642 2
433.11301 1857.3562 2
462.55014 1257.92334 2
304.78522 1565.27356 2
367.44067 1441.8092 2
262.24524 1162.83313 2
652.7486 1566.95374 2
1417.85681 1072.13318 1
304.2735 1111.73438 2
480.95175 1264.25476 2
352.77533 1332.51477 2
409.83542 1486.08325 2
452.51071 1329.17554 2
484.58847 1504.88904 2
478.27029 1633.61792 2
317.84103 1450.36707 2
689.32031 1633.35303 2
236.39072 1320.36145 2
368.05634 1527.94702 2
248.47014 1239.05066 2
729.62952 1527.70801 2
525.97894 1734.2439 2
401.14493 1499.87427 2
345.72397 1018.72504 2
364.86157 1416.46143 2
1251.9812 808.74768 1
361.50159 1814.3678 2
894.23749 314.63922 -1
424.14383 1643.51099 2
331.47556 1267.14392 2
452.2691 1347.10962 2
540.66553 1932.32214 2
397.00134 1690.12305 2
209.24481 1057.38721 2
478.198 2000.3407 2
401.5112 1297.60657 2
564.95184 1902.37158 2
480.18338 1403.22986 2
492.70523 1747.40161 2
433.98602 1608.25647 2
460.48413 1678.61926 2
536.95941 1166.99817 2
399.27951 1534.43127 2
721.88391 1809.34985 2
271.10486 1140.85046 2
398.09949 1632.60791 2
467.21365 1684.98828 2
249.67146 1049.37317 2
513.63202 1743.28357 2
405.32556 1623.73938 2
555.30688 1387.53467 2
389.37833 1637.57202 2
1809.9668 246.71858 0
219.27768 1097.31519 2
627.41003 1694.77795 2
280.49066 1319.41296 2
367.84122 1593.23035 2
740.7016 1367.4397 2
446.00296 1324.0094 2
473.88376 1821.32483 2
416.48157 1800.6449 2
393.87015 1603.43091 2
421.13181 1619.75684 2
590.78351 1352.51306 2
398.91431 1637.35034 2
1202.50208 862.17523 1
383.58823 1587.68359 2
533.1485 1807.91821 2
751.52832 1870.53345 2
405.25696 947.04834 2
429.12161 1827.71057 2
661.28156 1753.14185 2
544.87799 1756.52576 2
397.59866 1298.2478 2
474.52936 1761.1377 2
406.7789 1695.42053 2
366.13086 1239.50513 2
474.45807 1419.57715 2
292.44037 1047.45203 2
630.8266 2466.62695 2
756.09039 1391.21021 2
637.57086 1646.53027 2
552.31836 1332.21423 2
490.11154 1751.77893 2
1358.18677 1134.36877 1
538.38336 2325.18286 2
302.82736 1506.00305 2
260.4213 1164.47449 2
505.81909 1695.74719 2
349.82294 1657.92004 2
454.15485 1564.01709 2
546.65546 2277.60181 2
484.08105 1861.72668 2
293.08575 2297.8208 2
465.30475 1395.53491 2
768.83508 2333.08374 2
521.69043 2033.77136 2
602.31445 1825.10132 2
478.5899 1808.63818 2
722.03503 1681.0592 2
778.91223 2046.11609 2
504.04825 1608.51038 2
645.63348 1951.86377 2
397.97781 1548.32092 2
1254.99902 1136.09766 1
608.93219 1976.01904 2
1590.23535 1253.24866 1
1668.87048 1316.81714 1
680.2851 2001.72424 2
472.23483 1780.41113 2
489.56802 1887.70044 2
686.50818 1990.89429 2
409.41174 1644.83838 2
441.36105 1700.98523 2
543.98755 1701.9458 2
498.39734 1744.88367 2
655.14532 1837.67554 2
523.49933 1672.84692 2
501.08603 2165.9646 2
408.79648 1896.94202 2
533.44092 1982.75525 2
488.58432 2148.33447 2
509.8721 1649.55103 2
1394.1062 1255.27551 1
399.2536 1590.19519 2
366.70343 1842.99438 2
496.47086 1886.28418 2
613.29852 2407.91187 2
516.31323 1564.22144 2
659.65521 1742.08118 2
460.24246 2312.13672 2
567.30121 1892.63586 2
1322.00256 1187.41113 1
516.13208 2076.08032 2
512.8092 1724.66125 2
542.87433 1875.51978 2
1307.6167 1435.20984 1
493.41385 1832.24377 2
538.85797 2297.89868 2
423.60178 1518.53809 2
500.27454 2126.11816 2
429.30029 1833.69373 2
446.15652 2067.26392 2
704.31866 2251.00781 2
382.26242 1892.302 2
491.06763 1724.08569 2
340.66309 1468.81824 2
1479.13953 1178.43469 1
423.08984 1684.2124 2
451.65747 2197.2085 2
416.05362 2037.6969 2
492.61642 1619.62634 2
560.17749 1860.35474 2
593.5929 1938.74023 2
522.08136 1854.31995 2
554.48981 2135.90039 2
360.53961 1645.55847 2
1659.56042 1295.78198 1
1449.73584 1137.00818 1
490.84662 1517.55212 2
523.89264 2050.97485 2
349.24875 1971.86243 2
563.35229 1672.4458 2
523.66608 2467.06592 2
475.56091 2033.16724 2
1516.32178 1156.20667 1
854.85895 2123.01709 2
1613.09424 1222.40063 1
656.11133 2098.63232 2
406.87375 1937.4187 2
598.92413 2186.20581 2
303.21893 1644.8407 2
485.06516 1938.96765 2
727.8764 1846.70752 2
455.82736 1858.21899 2
525.9328 2212.80103 2
1537.65173 1132.93567 1
765.67737 2449.21313 2
327.16226 1530.75098 2
639.84534 1880.65662 2
466.79968 1989.04016 2
489.48001 2147.24365 2
418.50598 1956.80566 2
631.52722 1957.15369 2
429.85233 1676.00952 2
696.13007 1921.96216 2
343.5842 1629.44409 2
411.02805 1837.04395 2
356.45663 1527.78748 2
370.35114 1592.89307 2
430.07294 1699.00818 2
321.55743 1262.698 2
372.57303 1395.78113 2
420.45923 1637.21362 2
315.81107 1087.69128 2
367.60031 2166.22803 2
517.6123 1775.6438 2
290.22241 1464.61768 2
327.28445 1525.53516 2
489.23151 1840.85217 2
541.1897 1293.82544 2
552.92731 1449.77039 2
453.61615 1666.87903 2
401.78354 1321.93701 2
1058.63086 1197.56726 1
369.99124 1925.92529 2
1028.43884 1032.56104 1
408.74152 1411.26343 2
530.22156 1784.16064 2
472.23621 1780.45947 2
1402.0802 920.94061 1
569.17029 1522.15771 2
504.91183 1598.5199 2
273.96292 1352.94714 2
450.55441 1183.39563 2
328.82306 1591.07959 2
459.68866 1720.90137 2
285.35995 1415.44458 2
402.93469 1789.95435 2
429.72794 2168.3042 2
471.40735 1605.16357 2
364.63303 1866.86218 2
339.04352 1542.87158 2
499.56488 1442.39368 2
405.39322 1505.54431 2
459.11996 1913.55823 2
917.73303 952.80273 1
438.79111 1649.81531 2
1397.00696 942.67444 1
523.3952 1846.27612 2
464.91861 1861.41602 2
309.60822 2180.91846 2
483.75757 1698.77893 2
365.28842 1367.40393 2
351.92517 1771.85291 2
801.45209 1671.77917 2
1100.74414 1099.51343 1
464.31934 1168.98755 2
345.56177 2083.38428 2
408.04767 1596.32922 2
333.49854 1432.51599 2
336.32407 1688.77368 2
314.63864 1443.78162 2
361.04834 1788.49878 2
414.74908 1883.99463 2
283.95023 1580.15796 2
400.07669 1678.89539 2
500.83472 1598.39258 2
480.57553 1668.0542 2
482.47925 1658.49561 2
439.3501 2088.78052 2
326.01749 1840.69592 2
1350.27441 887.40247 1
275.02521 1259.84485 2
601.78625 1784.40991 2
462.53714 1608.63916 2
437.35208 2115.85181 2
492.10065 2033.84021 2
335.4072 1557.05591 2
323.27008 1647.22986 2
316.1199 1619.97083 2
434.08618 1714.96973 2
353.5997 1822.82532 2
333.57837 1663.58057 2
480.53268 2013.90515 2
504.34805 1909.11975 2
435.13107 1547.79236 2
478.69168 1712.32214 2
523.28992 1755.84082 2
465.94553 1666.96802 2
336.53598 1863.9856 2
360.00449 1689.65491 2
444.56146 1020.72449 2
317.34326 1902.58923 2
527.84601 1974.31897 2
296.05197 1252.81482 2
447.02814 1420.58276 2
524.96588 2116.25024 2
500.8493 1434.95386 2
696.72083 2060.6355 2
488.92297 1941.64246 2
426.55051 1470.95459 2
412.19373 1874 2
521.01074 1775.69202 2
1231.69153 1147.24072 1
393.13928 2151.0498 2
588.67761 1712.55493 2
483.2955 1540.76306 2
524.66461 1664.02649 2
1239.83557 1219.97302 1
431.85339 1755.25562 2
572.16052 2041.63391 2
493.91644 1937.87695 2
350.38284 1725.9126 2
385.92432 1774.59583 2
421.68219 1570.53918 2
394.96246 1483.52808 2
484.4436 1687.33765 2
441.48672 1647.40662 2
428.3895 1698.87695 2
250.88109 1550.67273 2
514.32166 1991.74695 2
517.82239 1938.3363 2
462.00787 1759.18884 2
473.98367 2076.14868 2
540.97473 2024.57642 2
616.5918 1633.70825 2
412.16541 1883.49609 2
434.31851 2078.99585 2
540.88086 1471.73682 2
643.06061 1934.9823 2
495.65005 2140.94067 2
666.74524 2118.03101 2
415.54684 2039.87158 2
476.01965 1635.75049 2
574.13977 1858.21362 2
709.13263 2117.90088 2
436.02191 2106.78394 2
361.11392 1775.28992 2
623.88141 1812.5199 2
623.54236 2206.83057 2
645.54791 2095.38159 2
662.20453 1847.12585 2
496.39722 1876.11816 2
784.58685 2084.47729 2
465.29031 1942.8418 2
475.67545 1731.87292 2
504.21146 2150.90918 2
795.02216 2117.90088 2
423.03375 1925.63977 2
677.06927 1568.63513 2
524.01227 1755.15686 2
656.26965 2129.36987 2
440.91364 2078.66675 2
687.74567 1849.37671 2
532.42346 1931.70313 2
491.31894 1425.57361 2
604.81372 2063.38672 2
482.44888 1520.11951 2
448.07813 1774.04504 2
516.89978 1772.04895 2
650.68951 1656.36182 2
462.64941 1582.30762 2
296.48511 1739.80737 2
498.44202 1793.18872 2
1518.14417 1209.2821 1
451.14627 1845.96533 2
586.62695 1778.67578 2
1133.12964 1298.02124 1
368.17639 1515.76587 2
368.37677 1676.19409 2
466.35852 1656.89185 2
550.34979 2118.03198 2
552.37946 2009.16687 2
426.7572 1762.9054 2
664.71515 1581.35498 2
369.2413 1725.09717 2
411.52051 1597.92773 2
338.95074 1774.69482 2
507.0867 1881.16333 2
377.47491 1779.57166 2
596.15942 1747.01245 2
449.4472 2118.23096 2
427.40726 1991.99011 2
541.26685 2582.24585 2
557.77917 1812.31238 2
495.59216 1735.84229 2
360.24542 1601.86658 2
526.18964 2000.88245 2
500.5401 2188.12061 2
681.96844 1865.88953 2
322.29535 1685.76465 2
1273.73608 1249.80701 1
460.11386 1942.95764 2
506.86285 1784.60913 2
610.3089 2280.81763 2
448.75613 2399.2793 2
423.92123 1902.2627 2
368.81494 1471.66455 2
398.18188 1691.31787 2
595.88263 1693.57996 2
337.02866 1568.59167 2
435.92502 1798.32129 2
376.08057 1503.73059 2
573.12659 1872.65125 2
341.96313 1481.36499 2
338.97644 1992.16675 2
503.39587 1996.17957 2
454.19839 1874.97791 2
445.20444 1708.37 2
386.94681 2164.82568 2
368.57513 1629.14417 2
428.33313 1735.5625 2
476.10773 1629.69971 2
335.87164 1509.39282 2
436.20407 2063.3208 2
883.13934 1130.93701 1
456.32278 1779.02441 2
427.76755 1901.59888 2
530.37402 1885.47571 2
339.9953 1859.76758 2
978.52271 2082.35938 2
520.58954 1796.27124 2
528.81891 2389.41479 2
457.45807 1800.0885 2
395.94849 1581.85352 2
532.47522 1676.91357 2
493.70688 1846.49182 2
383.77667 1926.3175 2
378.09045 1348.01892 2
370.39194 1918.93384 2
391.27005 1571.90564 2
450.2692 1962.68066 2
538.84515 1858.69751 2
474.39972 1457.93408 2
442.39478 1695.69629 2
396.92258 1847.07214 2
375.50391 1727.1499 2
417.43155 1621.57837 2
491.80624 1744.34875 2
456.91895 1440.32007 2
500.83472 1582.72791 2
440.46796 1597.55298 2
1036.81787 1027.09009 1
1322.95544 1084.55591 1
376.85892 1625.92969 2
421.94586 2157.21582 2
465.78867 1933.38489 2
346.73434 1800.3916 2
450.59546 1741.74475 2
441.65347 1814.77271 2
407.17517 2067.01343 2
633.78979 1846.86426 2
377.62271 1406.79211 2
391.81149 1478.15588 2
515.17535 1707.66797 2
363.40323 1798.87952 2
443.20621 2085.77979 2
369.88327 1664.89624 2
409.78168 1747.05835 2
567.34827 1921.28687 2
441.56967 1695.88135 2
507.50641 2048.24609 2
480.48871 1747.87817 2
445.14905 1328.22522 2
435.67441 1585.82983 2
316.87329 1930.5741 2
373.00247 2074.84741 2
1276.38635 945.6684 1
432.48996 1870.04297 2
383.4679 1802.47632 2
478.31522 1418.71094 2
357.05441 1657.52087 2
407.08041 1608.1698 2
365.0878 1812.57251 2
571.40912 1871.40234 2
404.27975 1685.57898 2
585.7655 1778.479 2
500.33228 1575.40625 2
316.33569 1541.99634 2
600.51697 2572.54907 2
433.1413 1661.521 2
341.33234 1522.62817 2
311.51276 1792.73303 2
434.14044 1856.60974 2
468.08691 1690.81299 2
481.08316 2014.08765 2
377.32806 1368.46313 2
387.0806 1559.87012 2
792.70886 1712.51001 2
444.26837 2102.17383 2
493.4722 1952.15234 2
407.11984 1873.78467 2
532.96625 1917.86902 2
376.97702 1492.42761 2
414.55807 1960.47046 2
471.2478 2095.96826 2
907.49756 1547.02136 -1
512.29962 1911.88647 2
485.34164 1573.43323 2
366.30338 1563.80835 2
435.34943 1500.80286 2
631.59503 1310.58179 2
439.04413 1944.73816 2
313.89789 1120.48694 2
443.65256 1402.28613 2
315.32501 1751.13928 2
366.25012 1547.38574 2
430.48596 1847.4967 2
467.26981 1564.99365 2
324.92584 1841.16382 2
592.22852 1836.72864 2
1164.56006 883.73334 1
430.76151 1799.48438 2
1608.00037 1230.99805 1
431.43884 1696.70801 2
1359.646 1110.87012 1
434.38748 1375.63306 2
372.62952 1620.58582 2
377.79758 1145.57288 2
366.02368 1435.0647 2
472.77963 1628.80164 2
383.38837 1485.12842 2
395.81183 1784.11218 2
1227.48413 1076.5542 1
1163.65527 1129.59387 1
307.14697 1551.87842 2
299.11142 1316.01062 2
369.52155 1434.2616 2
566.29309 1809.34558 2
262.81433 1215.24353 2
527.43237 1764.39063 2
345.26828 1657.69946 2
404.11554 2010.85559 2
245.36807 1223.5752 2
680.08759 1662.46008 2
254.29355 1505.5824 2
481.70502 1771.2616 2
301.02158 1351.46216 2
432.18649 1664.85022 2
345.20276 1621.97266 2
1332.11584 997.526 1
461.89444 1766.39917 2
407.05014 1785.54968 2
1309.68225 1298.6366 1
426.31546 1661.07263 2
360.2717 1200.86218 2
497.8812 1567.89697 2
548.22614 1890.28186 2
501.39603 1649.9939 2
467.91327 1756.62634 2
366.07535 2098.36816 2
308.64877 1590.82397 2
1046.25146 1001.88342 1
338.73584 1496.39746 2
377.85181 1450.47778 2
305.88971 1235.75952 2
433.69455 1762.51624 2
388.53278 1714.92395 2
1336.22107 1124.04614 1
361.03387 1448.72961 2
516.93005 1866.48657 2
934.19299 710.23413 1
538.22858 1881.75989 2
545.50946 1814.3678 2
314.44785 1690.81384 2
491.03903 1953.77917 2
394.48947 1649.50537 2
385.534 1950.89514 2
519.18469 2023.94995 2
314.77203 1359.6803 2
335.48749 2135.90039 2
434.4436 1574.87219 2
566.61316 2308.93481 2
680.53845 2003.39148 2
425.54184 1546.94458 2
440.38312 1651.97546 2
460.56912 1694.5509 2
408.64838 1601.57251 2
480.4296 2434.2146 2
327.35077 1704.15222 2
355.03461 1153.76245 2
399.54022 1714.08679 2
315.28519 1422.16394 2
420.72012 1896.61365 2
428.29309 1615.79565 2
379.8826 1971.28809 2
297.98068 1108.3949 2
410.25851 1618.05469 2
919.02228 876.22156 1
343.89169 1629.74316 2
391.71698 1758.0072 2
1576.10571 224.15585 0
566.02234 1347.24524 2
322.48257 1215.26843 2
461.15347 1704.61719 2
514.42517 1519.96008 2
542.37933 1608.12537 2
276.39471 1641.42932 2
428.38849 1486.96436 2
429.60336 1669.14343 2
526.32764 1292.29993 2
434.66803 1691.27271 2
502.68466 1834.27185 2
501.58853 1636.3302 2
381.40668 1489.86926 2
448.99609 1629.52795 2
413.63635 1435.64514 2
366.49225 1517.59045 2
685.60364 1693.99902 2
375.06244 1515.44861 2
416.64764 1434.88062 2
307.51202 1363.86206 2
604.1684 1735.84729 2
373.3913 1843.6272 2
328.19476 2046.80408 2
355.14111 1619.80005 2
268.34879 1152.92163 2
308.35089 1220.12317 2
508.52405 1950.38635 2
422.26389 1820.91492 2
441.61157 1608.97986 2
303.52924 1251.91968 2
438.48364 1639.68176 2
336.88229 1356.32214 2
317.27759 1362.31128 2
1425.8999 1000.57959 1
441.9324 1692.05273 2
375.34351 1675.05957 2
365.24817 1303.49988 2
381.05948 1680.93164 2
400.4422 1789.85449 2
540.60291 1657.52002 2
352.77567 1633.31104 2
287.78366 1522.90552 2
232.45067 1370.35229 2
573.5293 1632.60938 2
623.78027 1738.44824 2
428.77472 1313.87561 2
302.15506 1948.28381 2
477.08881 1612.92505 2
460.31445 1083.57324 2
382.93179 2088.65015 2
1311.10376 1073.15759 1
320.77899 2014.76868 2
313.46683 1623.0481 2
272.2468 1341.04602 2
485.07071 1374.33423 2
1070.44641 1059.76721 1
411.28763 1481.026 2
362.86731 1733.44446 2
438.24597 1530.55676 2
361.11533 1508.77112 2
444.92496 1747.10657 2
491.04047 1929.89209 2
326.81659 1964.70422 2
550.98914 1610.08423 2
410.84955 1909.67151 2
451.27664 1632.30273 2
471.53641 1631.38611 2
615.34204 1980.42981 2
366.37186 1803.13318 2
460.12878 1974.25781 2
372.70734 1523.45313 2
294.81512 1528.14368 2
324.33963 1440.57495 2
521.61383 2117.37671 2
477.54901 1491.401 2
396.78711 1572.68994 2
626.69244 1756.67578 2
444.08667 1582.9801 2
1146.53308 981.73865 1
486.73407 1800.99866 2
345.87021 1705.8783 2
487.8631 1802.93018 2
335.83255 1573.71985 2
367.90735 1136.20386 2
492.49924 1733.77344 2
273.07773 1968.60059 2
434.62802 1563.39905 2
474.12744 1661.11768 2
404.97241 1998.57593 2
424.36475 1852.31213 2
362.65335 1958.14038 2
396.19061 1611.14331 2
363.60483 1490.82507 2
390.78098 1425.42346 2
498.6926 1844.15479 2
1408.5863 1058.703 1
382.54379 1425.53491 2
414.26978 1677.22876 2
473.26685 1606.27454 2
601.40472 1613.47888 2
454.69376 2072.43457 2
401.33511 1445.5437 2
353.91986 1140.00537 2
310.85172 1608.47046 2
548.61548 1378.92456 2
518.50385 1566.29419 2
1226.46204 1142.64661 1
454.31168 1345.74854 2
328.59769 1300.87268 2
398.15359 1616.30493 2
656.37604 1444.36829 2
495.2829 1805.41125 2
1168.67651 1327.76672 1
579.66736 1760.89075 2
622.15717 2453.30298 2
1056.89722 894.43878 1
318.26962 1305.35095 2
771.00732 1637.70874 2
305.7554 1384.59619 2
363.92554 1856.87622 2
390.76794 1997.3031 2
894.10529 1499.75989 -1
475.53143 1854.63562 2
257.89124 1648.36768 2
378.53513 1406.72034 2
486.26407 1311.1969 2
483.4241 1517.07751 2
327.35046 1568.10266 2
349.87646 1285.60242 2
508.76077 1916.80029 2
325.96075 1491.24536 2
417.67862 1717.1676 2
434.82101 1604.18872 2
386.0318 1495.40454 2
452.59485 1497.13403 2
433.80521 1766.85071 2
455.55707 1351.7915 2
363.67053 1666.02161 2
378.62827 2072.24292 2
336.80182 1721.55627 2
404.33337 1783.8136 2
538.53638 1465.09546 2
444.74466 1649.15381 2
599.80841 1704.94312 2
392.12286 2096.16699 2
371.69003 1371.24841 2
463.79248 1421.05017 2
756.94824 1783.66479 2
368.42947 1524.50977 2
548.11682 1892.3634 2
549.67731 1653.33484 2
434.61124 1502.34448 2
462.36426 1281.36365 2
591.1944 1498.33386 2
380.85657 1525.26013 2
585.30872 1609.27441 2
419.91003 1570.9967 2
458.15311 1454.85974 2
437.92636 1633.57507 2
472.87997 1572.64722 2
537.37183 1847.80945 2
370.41772 1863.8772 2
587.50629 1740.4397 2
342.70016 1683.08594 2
302.60782 1438.43262 2
625.10321 1764.68933 2
1396.16187 1014.19421 1
548.6626 1940.04602 2
323.95444 1511.25232 2
418.64249 1630.13025 2
575.25262 1814.16187 2
463.99222 1597.96887 2
1189.70142 1189.26978 1
682.34839 1827.55811 2
1222.94226 997.08087 1
418.7529 1463.61865 2
720.79181 1686.57104 2
411.76801 1664.11694 2
772.84369 1894.68298 2
296.55399 1711.18921 2
370.33682 1373.85388 2
380.86966 1209.64197 2
363.02878 1685.39819 2
634.06396 1817.745 2
457.30191 1742.56384 2
628.14465 1641.43091 2
465.84598 1299.34888 2
446.02933 2058.60938 2
857.63489 1719.82507 2
329.04782 1156.26514 2
326.95221 1259.16565 2
682.81866 2034.63562 2
414.70834 1256.71582 2
526.40344 2006.24695 2
314.84064 1458.85974 2
422.09781 1872.92004 2
389.00381 1196.0116 2
446.36804 1592.47083 2
406.49387 1962.22314 2
614.26263 2202.74194 2
485.68033 2043.6803 2
448.95435 2012.30981 2
535.19409 2094.65137 2
595.31067 1739.37195 2
458.84946 1612.15698 2
404.72705 1610.12573 2
516.18274 1702.27454 2
358.17474 1510.74805 2
358.60233 1547.06189 2
543.47498 2333.71924 2
541.23584 2266.36621 2
417.5 1844.47046 2
510.69623 1497.52173 2
314.58463 1154.99939 2
286.09009 1010.93896 2
310.41977 1529.96143 2
516.93427 2042.3175 2
498.25287 1791.31189 2
436.03793 1434.48108 2
490.25974 2072.95752 2
375.31668 1571.20276 2
364.65945 1765.61853 2
377.14081 2142.65747 2
486.13516 2429.75586 2
427.03488 1980.30518 2
398.14163 1698.64197 2
429.1611 1556.93408 2
574.94604 1668.78052 2
395.48901 1524.24011 2
317.04709 1405.97864 2
458.94925 1496.09131 2
322.20038 1444.14648 2
486.44333 2111.50879 2
1207.05542 1107.28247 1
402.556 1584.15125 2
1315.72131 1836.31177 1
288.89307 1653.59814 2
353.33389 1385.54333 2
449.33533 1717.45007 2
536.53021 1373.75037 2
1936.85522 1261.63989 1
533.07477 1802.4248 2
377.03293 1256.25513 2
537.8963 2079.58179 2
394.07059 1843.25977 2
369.73849 1467.92761 2
447.87112 1713.13159 2
677.22943 1924.23901 2
398.56085 1701.99866 2
577.28741 1843.25891 2
445.54083 1835.78906 2
442.17166 1534.74292 2
459.17688 1927.27856 2
994.67944 1103.42163 1
541.15924 1807.40881 2
439.50412 1822.72095 2
649.50409 1971.87 2
389.25858 1724.61353 2
510.32062 2326.82886 2
390.58017 1789.35437 2
530.19092 2140.7356 2
1314.16565 2385.4021 -1
617.6485 1813.3938 2
486.06332 1878.57092 2
583.0368 1384.00342 2
244.95097 1289.34985 2
591.11548 1552.93103 2
294.48746 1560.84705 2
564.14801 1707.24463 2
569.87311 1753.90369 2
383.13251 1628.41101 2
412.5929 1832.96899 2
437.60345 1936.11377 2
340.83807 1585.3678 2
467.96036 1813.44312 2
603.52222 1952.84412 2
317.10092 1865.99634 2
602.82794 2050.72241 2
328.5546 1252.72339 2
554.28864 2335.25537 2
324.20401 1630.56323 2
586.73975 2039.6178 2
667.0343 2193.45654 2
332.33414 1953.77637 2
425.98282 1870.5343 2
339.76889 1372.06995 2
414.4476 1592.51416 2
558.70337 1690.26648 2
273.34232 1566.25305 2
387.02615 1445.58167 2
232.29753 1233.85583 2
488.9379 1660.13904 2
370.00623 1525.89233 2
250.41402 1376.07263 2
371.71716 1794.40588 2
594.78461 1940.78528 2
337.68466 1812.31677 2
328.5007 1445.54443 2
354.03784 1694.73511 2
415.87848 1377.65161 2
621.59167 1127.10498 2
381.81012 1314.00903 2
484.60788 1562.07104 2
329.59634 1263.87927 2
432.44067 1629.9126 2
385.76498 1802.42737 2
369.04309 1647.2323 2
326.28702 1195.71741 2
443.42902 2106.38013 2
420.92844 1580.44507 2
374.19339 1379.02722 2
399.62979 1399.70007 2
472.33798 1828.35132 2
558.5473 1692.6991 2
343.82169 1541.63684 2
534.27209 1807.15283 2
418.10605 1531.47009 2
361.04886 1362.93042 2
344.90561 1509.82043 2
341.41406 1333.04285 2
445.48795 1425.01501 2
405.9935 1586.29492 2
450.86905 1748.02161 2
374.0321 1523.76843 2
370.44705 1680.03259 2
407.05771 1161.01758 2
562.25256 2027.19629 2
349.30353 1309.6853 2
736.82874 1749.69775 2
495.81009 1517.07605 2
425.94055 1562.57092 2
543.25885 1694.323 2
386.55658 1691.8219 2
340.10184 1415.66187 2
555.89215 1527.62866 2
637.28424 1461.12158 2
482.07358 1898.57727 2
544.32617 1502.8446 2
1162.9397 930.8465 1
526.75903 1464.02905 2
531.34656 1555.75269 2
480.52261 1674.06226 2
377.01801 1573.68164 2
472.53848 1534.06982 2
447.07312 1438.75842 2
419.23459 1420.22717 2
371.59772 1239.9574 2
484.78467 1461.27063 2
556.62952 1624.12732 2
328.63434 1711.51819 2
608.64221 2231.98389 2
428.62201 1173.15942 2
405.50421 1763.0509 2
545.57941 1457.34753 2
405.87097 1538.6405 2
450.04941 1814.77527 2
413.8287 1322.00134 2
523.65356 1915.22327 2
350.54126 1340.03931 2
531.51428 1717.68604 2
373.54962 1495.21057 2
351.59137 1251.51855 2
590.07294 1830.79053 2
390.53192 1665.07886 2
565.55426 1571.98816 2
334.44208 1394.03381 2
418.07895 1154.0448 2
471.10648 2061.51807 2
551.05457 1937.19238 2
384.77167 1198.15845 2
516.60901 1459.03845 2
469.97607 1626.70203 2
352.41586 1689.32532 2
429.2168 1515.08655 2
433.12354 1551.07349 2
652.57587 1875.78979 2
362.14496 1508.7323 2
525.84875 1310.7749 2
665.93054 2081.01416 2
1370.59143 1158.54663 1
564.61328 1955.75244 2
570.46796 1678.71533 2
374.42096 1534.10498 2
705.95209 1971.98474 2
1252.10181 1242.86267 1
439.69949 1768.79028 2
318.73923 1346.54712 2
346.10696 1767.00488 2
467.95993 1764.53369 2
615.18945 1628.49951 2
267.83984 1270.04199 2
352.47031 1686.84692 2
309.78439 1489.67542 2
519.36475 1664.48279 2
1584.73975 2338.04077 1
452.41058 1663.12927 2
431.57916 1453.66211 2
365.12784 1308.84314 2
267.03467 910.00696 2
446.58029 1967.06836 2
515.98834 1601.78406 2
364.61981 1611.73572 2
283.30185 1172.22229 2
363.81693 2131.23389 2
255.75586 1669.99683 2
518.7002 2007.52441 2
645.42664 1499.75916 2
424.01968 1473.5127 2
475.2619 1784.70776 2
1331.66296 1262.47705 1
595.74969 1643.64978 2
496.17856 1445.32178 2
352.86887 1561.62427 2
477.55197 2040.31323 2
301.93198 1408.45203 2
365.8902 1520.31018 2
353.75891 1524.67041 2
379.82898 1299.34949 2
323.26791 1359.37439 2
633.0199 1989.81616 2
365.78308 2071.6748 2
301.57657 1259.7229 2
599.60077 1623.47925 2
559.88458 1563.43774 2
365.95596 1623.86169 2
358.99017 1409.51624 2
459.67484 1693.48865 2
428.20795 1440.28503 2
302.1192 1268.39404 2
1533.62512 1318.23511 1
535.83734 2091.86255 2
414.54346 1521.05774 2
681.57056 1689.14575 2
445.37515 1196.27905 2
564.8349 1500.95532 2
392.8389 1965.52502 2
376.02908 1863.82288 2
572.56744 1670.62451 2
384.26175 1530.47803 2
237.67775 1011.53693 2
324.00311 1650.78796 2
380.28494 1622.05237 2
724.00293 1599.58057 2
530.02893 1905.40369 2
605.21185 2057.21509 2
445.55826 2306.21484 2
1133.52307 1969.59497 -1
618.00116 1704.89673 2
447.61963 1768.49353 2
366.41083 1438.65356 2
302.17755 1424.69702 2
381.07382 1643.3418 2
408.02219 1813.495 2
885.2149 1626.61292 2
335.03043 1906.45984 2
534.02655 1723.19641 2
303.48279 1521.72595 2
701.09857 1630.95129 2
494.97104 1405.94373 2
1231.78369 926.24878 1
540.92883 1772.8916 2
292.20621 1761.58118 2
425.85873 1767.84338 2
347.9064 1620.84155 2
390.08563 1405.34387 2
963.47845 1748.78772 -1
651.11719 1832.24377 2
500.77551 1917.75562 2
300.70407 1833.96045 2
638.073 1694.91699 2
513.84314 1487.23242 2
215.7794 1162.9397 2
489.04001 1661.65491 2
385.97897 1638.36401 2
440.49567 1587.09167 2
418.68381 1670.0885 2
528.92889 1718.16199 2
472.82269 1530.87073 2
325.78735 1695.23706 2
504.16724 1751.3396 2
462.63617 1418.67786 2
248.41068 1294.49988 2
665.71246 1795.15808 2
334.23627 1736.52283 2
579.24542 1661.60889 2
366.09018 1766.25427 2
1186.71326 1099.96655 1
502.28214 1563.35803 2
310.32431 1290.87915 2
297.22006 1686.07983 2
386.3815 918.88953 2
324.43335 1366.10889 2
408.90506 1393.22375 2
847.60516 1248.8158 1
526.03961 2012.79626 2
413.88416 1359.646 2
348.1452 1965.40784 2
1321.04602 1060.49561 1
737.80365 1950.61609 2
477.93765 1704.80249 2
397.70541 1488.14966 2
439.78293 1531.11011 2
413.74722 1476.60327 2
390.36325 1437.276 2
329.81219 2052.7478 2
571.02344 1570.54138 2
565.67023 1447.07263 2
400.15854 1543.63098 2
284.62665 1295.01172 2
470.50504 1709.98621 2
341.42627 1594.19324 2
305.17569 1358.15369 2
303.409 1442.9364 2
282.51511 1488.37952 2
556.70862 2053.99902 2
1243.7561 998.41632 1
305.70248 1435.90051 2
531.97931 1252.69299 2
275.51755 752.52521 2
1096.40356 819.98004 1
498.26593 1683.94092 2
382.79816 1325.02368 2
639.03302 1947.31323 2
299.04666 998.75824 2
330.80984 1942.26746 2
401.60483 1548.88806 2
506.7894 1461.79541 2
614.75281 1533.42334 2
287.83911 1605.54407 2
474.74414 1413.53308 2
361.55569 1758.94214 2
510.03625 1503.61438 2
324.6059 1092.65784 2
413.01749 1740.14844 2
491.8942 1725.62122 2
285.91251 1377.375 2
513.3634 1565.599 2
423.82401 1828.98438 2
369.77499 1260.15784 2
313.60168 1389.35864 2
474.95901 1490.55212 2
277.39514 1598.64648 2
410.41135 1186.06995 2
324.40643 1207.02612 2
491.30441 1538.12549 2
367.05365 1544.67212 2
1153.11682 1142.86829 1
442.64694 1330.80542 2
350.04953 1315.23767 2
301.40622 1514.18311 2
454.36844 2192.40356 2
294.43536 1842.62793 2
340.37 1393.75195 2
410.45184 1936.79431 2
491.4668 1762.70959 2
1658.89587 1577.84497 1
519.3642 1802.92932 2
375.87869 2041.25623 2
385.3866 1147.85144 2
389.40524 1657.47424 2
1283.82898 1117.74353 1
474.04129 1484.21509 2
511.74689 2042.3175 2
318.65973 1578.46887 2
378.90839 1627.81006 2
372.21237 1281.0155 2
378.72018 1357.67773 2
372.34674 1552.68896 2
411.3551 1662.28174 2
757.8421 1861.25806 2
397.06891 1404.67053 2
314.70569 1453.99902 2
447.9935 2000.396 2
390.00156 1870.26233 2
288.72934 1345.8147 2
284.91751 1635.67017 2
377.09872 1287.88745 2
443.84851 1337.04834 2
623.87158 1967.18555 2
535.86877 2060.948 2
412.19528 1512.53699 2
449.02863 1709.70898 2
313.87125 1527.66943 2
390.06927 1602.33252 2
491.08542 1435.17285 2
1088.1416 2330.59204 2
425.16641 1472.04138 2
322.28043 1824.74109 2
364.63321 1541.23621 2
339.05856 1363.27502 2
372.79977 1720.47876 2
449.55136 1309.00415 2
502.73019 2062.4502 2
379.33395 1757.5647 2
488.0553 1596.28735 2
446.15845 1417.0343 2
532.92175 1824.8446 2
421.98914 1647.18823 2
433.49109 1468.48633 2
216.2294 1065.7948 2
427.77957 1743.57703 2
392.36584 1463.43372 2
1311.20435 1011.16315 1
1208.11438 944.14551 1
232.26906 1038.40454 2
354.31683 1948.22522 2
366.39825 1552.93103 2
380.75308 1571.20276 2
403.42438 1734.99414 2
389.36829 1545.11267 2
429.16132 1438.94104 2
386.5022 1637.3042 2
684.95502 1350.34583 2
396.95099 1435.53625 2
315.7016 1262.82324 2
336.01837 1842.36792 2
333.76517 1628.32642 2
276.99292 1395.67603 2
226.42534 1259.07251 2
318.83362 1400.99756 2
540.66553 2009.88928 2
386.55621 1609.78479 2
354.82187 1314.48718 2
589.28534 1500.06885 2
304.59549 1381.91492 2
394.08356 1546.49243 2
312.05093 1544.63232 2
445.17813 1581.31433 2
421.5087 1221.32227 2
336.79187 1763.64624 2
525.61914 2076.97754 2
476.44247 1865.01868 2
439.08435 1592.7655 2
516.31989 2061.51416 2
313.70981 1541.75513 2
414.5986 1495.71399 2
465.68851 1449.14075 2
329.16837 1457.67615 2
275.27618 1502.07361 2
342.91315 1610.76001 2
372.29153 1675.60352 2
465.14658 1369.69702 2
432.52066 1779.12451 2
409.87842 1690.48499 2
490.31982 1749.12219 2
384.66287 1813.03418 2
542.62482 1965.94116 2
335.39102 1790.55957 2
862.66791 742.35498 1
821.62268 1775.24414 2
397.61325 1710.58801 2
405.96524 1515.01501 2
446.83313 1530.71594 2
433.29788 1734.62024 2
435.88596 2072.76465 2
618.42206 1893.80139 2
562.7533 1820.91492 2
390.93195 1840.43445 2
348.75882 2236.47876 2
459.39108 1802.21936 2
340.11447 1795.76855 2
449.18475 1279.49719 2
472.08017 1560.15137 2
481.56491 2039.93286 2
733.45752 1810.83704 2
417.30795 1851.37878 2
386.69043 1597.25818 2
384.46188 1638.58594 2
639.26434 1608.29712 2
326.85541 895.36603 2
563.24164 1361.17749 2
525.00995 1309.4231 2
1171.51257 1068.05969 1
551.52063 1769.88708 2
297.66867 1223.60669 2
304.46216 1966.53088 2
336.37585 1401.87158 2
1890.50366 2022.49219 1
321.73166 1351.78955 2
312.21509 1416.60388 2
511.56708 1477.66687 2
268.94073 1429.34863 2
359.49637 1499.06555 2
367.46677 1320.09583 2
463.92075 1735.80005 2
349.69 1509.12085 2
593.34558 1826.9917 2
250.14252 1348.96289 2
1583.93896 2252.94507 1
249.96748 1454.89783 2
341.90787 1955.46057 2
272.59869 1170.29321 2
356.34888 1452.7627 2
497.38193 1555.43225 2
365.00757 1222.91321 2
443.35944 1463.06042 2
306.05414 1437.31299 2
811.40875 1968.89258 2
504.09271 1457.08765 2
346.92221 1541.79565 2
412.6059 1188.77478 2
456.74902 1172.87524 2
378.42755 1782.66907 2
765.77594 1838.81946 2
302.81061 996.98907 2
317.3985 1454.07458 2
321.85226 947.51855 2
546.34796 1374.06091 2
338.10858 1547.2655 2
383.70972 1307.45459 2
434.84879 2037.32092 2
552.67712 1386.03223 2
574.1723 1553.78064 2
320.60559 1084.68933 2
368.3483 1333.50439 2
1389.28845 1229.59595 1
1532.06396 849.59723 1
556.81854 1599.91919 2
325.85492 1627.89709 2
354.83676 1392.45801 2
593.06696 1664.12012 2
620.77594 2137.38379 2
422.69138 1751.19434 2
512.27057 1844.36584 2
401.3353 1301.35486 2
305.93246 1261.05176 2
510.14133 1738.44653 2
717.79242 1692.32947 2
1082.96277 1029.61206 1
533.88879 1276.75952 2
334.88907 1205.47192 2
405.46088 1791.76819 2
822.53485 1540.16064 2
596.12817 1551.8407 2
597.0271 1566.74829 2
457.84125 1419.00391 2
581.35229 1471.70313 2
392.50299 1391.48621 2
367.66727 1714.7832 2
489.51013 2263.16211 2
421.28284 1389.42883 2
358.5083 1445.06616 2
388.50479 1974.72766 2
341.11905 1687.94202 2
418.46329 1841.0603 2
352.17798 1721.69507 2
597.22272 1927.11035 2
991.45374 804.03394 1
421.78052 1739.90527 2
262.50171 1652.0188 2
319.23553 1406.43591 2
448.29031 1584.06506 2
329.65213 1641.86377 2
395.78595 1161.52917 2
399.67038 1589.22876 2
391.12045 1461.16199 2
317.71997 1192.36841 2
639.34454 1994.5022 2
326.15012 1289.76306 2
589.81976 2107.1123 2
517.1601 1226.13281 2
453.47495 1530.00073 2
402.90723 1685.03491 2
406.19412 1599.49585 2
407.63577 1814.97778 2
350.71365 1494.64026 2
510.03674 1770.57507 2
274.15829 1074.26453 2
356.68329 1427.86902 2
262.87173 1502.92261 2
296.05197 1314.54993 2
338.22968 1726.19568 2
357.62915 1444.51501 2
320.32275 1007.31995 2
405.22952 1716.55688 2
286.30899 928.13135 2
454.0271 2021.70447 2
807.01227 826.97809 1
403.84549 1356.66113 2
436.05246 1977.12842 2
334.65985 1577.05371 2
445.1637 1830.32617 2
399.07471 1427.25427 2
307.76874 1457.49268 2
397.84311 1475.76416 2
340.46301 1857.35791 2
378.61111 1624.51465 2
379.40198 1582.854 2
295.50784 1396.3396 2
1480.00732 1167.81982 1
520.66302 1693.34973 2
628.98145 1812.9823 2
287.70078 1878.08105 2
452.86383 1746.96252 2
417.80353 1614.68115 2
533.45874 1893.46912 2
359.37692 1431.45959 2
433.43466 1269.82227 2
370.99417 1294.69067 2
451.68805 1679.34863 2
400.29327 1999.55103 2
405.37912 1800.74451 2
351.4856 1446.0166 2
505.41864 1648.67346 2
521.81085 1344.09973 2
392.64957 1679.93494 2
315.09747 1571.86218 2
482.27612 1530.87354 2
488.06973 1872.00122 2
368.41348 1691.82275 2
418.20255 2065.99268 2
414.54306 1838.50732 2
352.07135 1551.63867 2
326.0842 1579.25488 2
291.16693 1538.8811 2
401.13382 2092.18481 2
1160.22229 1040.99646 1
397.42407 1535.94067 2
1270.66772 1010.39392 1
291.2486 1626.22974 2
310.13513 1843.4707 2
393.82657 1284.46338 2
420.01855 1560.39685 2
385.93829 1665.29724 2
450.42703 1417.71411 2
301.8541 1301.38708 2
520.84454 1878.46252 2
448.05441 1785.45093 2
493.02933 1848.12146 2
638.14087 1614.08142 2
361.00787 1545.3551 2
364.87357 1593.60498 2
486.63449 2015.13953 2
486.98734 1333.99988 2
501.87033 1920.83984 2
514.7262 1577.84424 2
519.96985 2131.23584 2
482.04346 1779.27295 2
461.5105 1738.49634 2
278.92896 1331.63 2
402.86841 1676.73218 2
245.81941 1239.1748 2
315.29962 1507.44653 2
300.11578 1728.77393 2
374.91528 1802.4729 2
342.27115 1443.52417 2
570.97766 2392.6311 2
382.78482 1550.50635 2
1459.04541 1275.01099 1
473.82614 1911.43884 2
358.7359 1912.6095 2
367.34711 1651.79822 2
282.79153 1647.09802 2
425.41608 1562.81982 2
470.79141 2114.31763 2
378.29062 2234.71875 2
379.42764 1794.85596 2
335.72528 1618.88281 2
535.80664 1346.44568 2
517.4776 1956.74683 2
651.5191 1964.76318 2
1243.4436 952.83319 1
318.04144 1527.47058 2
386.38205 1418.56689 2
363.4566 1260.03345 2
348.31656 1654.79468 2
305.55368 1021.69836 2
591.37402 1780.9978 2
339.96838 1428.59363 2
384.20331 1812.31506 2
246.11955 1166.49524 2
329.01315 1293.37695 2
528.64978 1517.1925 2
484.03653 1531.22913 2
388.10208 1509.08337 2
302.26791 1691.77515 2
322.26813 1196.18665 2
446.05676 1751.77893 2
405.67825 1378.7168 2
410.2601 1580.48352 2
481.06802 1596.54395 2
366.90594 1144.71069 2
358.04004 1210.02673 2
334.21045 1437.99988 2
270.82178 1420.47632 2
442.91064 1427.50818 2
267.94281 1182.96179 2
242.33987 828.48029 2
1271.60852 970.82446 1
395.21887 1804.4939 2
488.56918 1500.14111 2
408.07275 1506.35071 2
372.28125 1432.7345 2
2039.55945 1576.2688 1
272.66904 1261.33081 2
544.52448 1625.15771 2
396.67737 1685.07837 2
284.00546 1440.86694 2
308.89127 1637.30579 2
520.18091 1244.25317 2
333.51364 1070.52344 2
406.65631 1217.0603 2
481.77829 1726.33484 2
347.79941 1621.14539 2
373.08325 1731.82092 2
326.15854 1387.64185 2
298.30807 1458.81592 2
413.77524 1487.11829 2
1278.07458 1201.67834 1
1007.70526 1161.70044 1
271.24646 1302.96423 2
290.95847 1314.75366 2
346.77634 1835.22107 2
582.76221 1687.11084 2
1354.20642 1115.7063 1
430.45865 1651.53748 2
383.00009 1055.81226 2
295.38657 1427.1073 2
255.59932 1587.93115 2
434.37381 1752.12488 2
419.93765 1824.42786 2
288.05701 1440.1731 2
236.12181 1254.84583 2
285.15076 900.33917 2
500.27478 1648.93286 2
375.14328 1421.94824 2
445.52682 1644.70581 2
573.20612 1572.52124 2
1292.67957 1143.31641 1
368.62961 1434.91833 2
279.1232 1298.99207 2
409.16623 1262.53418 2
394.08582 1698.64685 2
416.54691 1561.98914 2
448.26212 1456.68323 2
472.09299 1987.48621 2
301.2825 1527.27173 2
233.29614 1055.99353 2
457.21686 1700.05762 2
464.96317 1172.36365 2
363.30881 1882.56592 2
514.9931 1350.88745 2
366.85312 1429.24097 2
356.80115 1825.10132 2
426.02505 1781.39368 2
314.35458 1218.71777 2
380.73547 1438.75989 2
455.07529 1566.78638 2
327.27008 1661.78723 2
462.32147 1625.63049 2
306.10565 1595.4823 2
437.42258 1794.66003 2
427.04852 1456.60828 2
448.12064 1190.22107 2
302.90607 1501.99988 2
318.47061 1381.18567 2
1261.8866 986.25189 1
654.5127 1866.9165 2
502.94958 1377.75403 2
409.08353 1887.86694 2
579.24573 1962.74158 2
253.4388 678.47675 -1
395.7988 1445.43555 2
638.75732 1626.10181 2
701.13403 2297.66748 2
472.13623 1186.30359 2
308.13571 1725.81628 2
709.14917 1821.32568 2
600.03607 2015.14429 2
1130.77307 1281.23718 1
577.56189 1423.71497 2
530.49646 2169.6311 2
323.71371 1069.28931 2
593.39453 1419.25024 2
340.63678 1765.03186 2
712.24963 2095.18066 2
470.73529 1491.63501 2
657.78442 2002.55859 2
383.48145 2005.64624 2
571.96875 1515.48901 2
514.82983 1673.74695 2
482.39044 1794.9082 2
730.60992 2309.5647 2
404.76932 1577.6366 2
329.11874 1881.7572 2
434.8067 1901.04675 2
425.87213 2034.94312 2
631.80225 1449.32666 2
1538.68225 997.30194 1
646.47083 1794.95691 2
312.09409 1133.07556 2
470.03302 2065.73462 2
375.66422 972.38391 2
383.90958 1187.78882 2
434.72461 2087.47412 2
532.16351 1500.29773 2
767.66608 2086.17358 2
532.28558 1429.31458 2
367.82773 1663.71387 2
477.02808 2203.02466 2
398.37143 1605.28833 2
464.63382 1974.96021 2
343.55734 1686.43677 2
481.56192 1852.3103 2
519.00281 1493.99402 2
400.86154 1533.21936 2
275.46133 1257.33264 2
522.33783 1669.45947 2
389.39261 1202.53137 2
325.18997 1587.84863 2
499.41672 1518.26147 2
492.54315 1820.24817 2
478.92365 1990.77368 2
390.0929 1358.8656 2
465.90286 1735.84729 2
551.59875 1807.15369 2
422.96619 961.34912 2
480.05359 2083.95947 2
738.39349 1556.20154 2
554.11426 1600.1748 2
308.6348 1202.38623 2
417.51434 1584.23352 2
257.30139 1139.09094 2
595.04901 1817.2345 2
433.64056 1120.04895 2
361.28842 1460.45642 2
386.17908 2089.6333 2
1259.53796 1322.13501 1
315.66367 1147.54663 2
509.34698 1620.62439 2
330.02475 1896.22754 2
448.61493 1670.26758 2
598.21887 1771.26245 2
499.22458 1401.73059 2
558.16815 2338.12891 2
742.11957 1750.70508 2
817.19855 1491.05334 2
444.24042 2053.9353 2
444.92496 1797.70825 2
519.78839 1911.43884 2
592.03308 1785.00574 2
684.60889 2196.0708 2
399.80685 2037.44531 2
596.65112 1628.97253 2
433.04486 2036.00403 2
488.61368 1804.80103 2
547.19891 2131.91992 2
548.56921 1716.79102 2
704.7077 2346.90967 2
473.91223 1847.54517 2
380.04276 1861.57312 2
405.85394 1540.23999 2
628.33276 1403.71582 2
925.33276 1075.13464 1
425.72046 2023.40186 2
355.11469 1955.28906 2
658.86182 1861.73376 2
271.14777 1373.78516 2
489.93723 1961.34839 2
362.85397 2311.48853 2
460.41388 1625.37158 2
589.74103 1938.10889 2
383.32056 1516.68115 2
385.83029 1805.46387 2
336.64304 1594.6084 2
668.67847 2360.26929 2
321.79825 1675.46777 2
474.39948 1539.80017 2
449.03912 2231.6167 2
359.8042 1506.24011 2
538.69409 1634.66589 2
454.6506 1595.86951 2
461.96646 2243.17432 2
473.63956 2365.00757 2
605.69171 1623.60925 2
1021.05115 980.72003 1
399.10229 1763.24683 2
371.16791 1642.25208 2
333.99252 2006.97888 2
363.66983 1123.71875 2
355.03528 1601.40527 2
447.35184 1473.66589 2
314.58432 1369.48999 2
411.16626 1725.85913 2
395.47601 999.6687 2
415.80829 1785.85022 2
318.01538 1929.49646 2
334.36746 1570.91357 2
436.28937 1569.52625 2
369.2832 1478.98926 2
444.91116 1949.76331 2
291.23471 1900.55188 2
365.22153 1411.15576 2
615.99725 1668.14563 2
364.67352 1338.44531 2
423.02408 1450.76904 2
460.31424 1604.44348 2
386.08572 1250.3053 2
572.03668 2655.39673 2
398.76349 1911.49719 2
429.70047 1919.83252 2
337.39014 1829.34106 2
382.94623 1359.03662 2
565.78754 1320.00012 2
503.1012 1484.25269 2
306.08099 1526.56262 2
384.15329 1387.22302 2
551.06744 1833.12549 2
224.26811 1068.43054 2
240.5495 1306.12927 2
535.25433 1628.797 2
392.48822 1948.34143 2
565.08521 1935.20459 2
555.27777 1921.90808 2
388.97748 1620.71094 2
378.02231 1471.14258 2
534.242 1768.74231 2
357.74854 1640.60303 2
361.98508 1677.40552 2
402.67944 1576.02527 2
488.98077 1825.71594 2
419.83936 1397.95117 2
308.10675 1756.38086 2
357.21652 1522.58972 2
457.04663 1806.9978 2
371.50204 1515.52954 2
472.09412 1744.39868 2
406.80838 1541.15833 2
305.32489 1343.59668 2
525.32922 1789.10193 2
302.13992 1272.98499 2
483.8743 1588.64148 2
332.30862 1784.26111 2
483.40845 1606.83838 2
345.93536 1926.7135 2
314.82773 1981.08728 2
1475.18945 1139.61902 1
320.69855 1814.10999 2
414.66641 1972.62805 2
607.9043 2411.35083 2
512.50903 1440.90198 2
364.19165 1238.57227 2
548.79053 1574.17175 2
522.91254 2049.00513 2
362.41235 1743.52722 2
602.76215 2004.55908 2
485.50854 1808.94177 2
389.13834 1762.31628 2
537.77374 1850.75208 2
413.65036 1959.76941 2
471.60565 1522.47058 2
519.10748 2057.85571 2
527.79865 1838.40308 2
370.17776 1535.74292 2
1608.12769 1489.41467 1
738.96552 1917.7583 2
565.20648 1600.56165 2
663.32581 1951.29517 2
488.15747 1633.79395 2
514.81482 1829.03491 2
696.18579 1857.24805 2
1610.59253 1374.8219 1
664.60803 1749.40918 2
2102.30225 2028.31494 1
418.78067 1717.35596 2
714.69989 2111.90747 2
666.24786 2723.15479 2
353.54794 1801.86279 2
519.21344 1674.38 2
441.63916 1706.30212 2
493.95834 2043.80603 2
323.99463 1603.47449 2
608.98474 1864.85767 2
697.90021 1720.43445 2
1225.23035 1332.11646 1
423.17395 1133.8739 2
589.64117 1824.8429 2
540.12469 2004.44067 2
974.75244 1881.21082 2
844.75531 2333.16406 2
382.49127 1398.8634 2
646.69647 2328.32837 2
496.79456 1579.91089 2
650.53284 1844.62793 2
649.74512 1707.34314 2
393.99054 1953.8938 2
649.729 1896.22937 2
674.77222 2214.9082 2
601.17419 2015.7594 2
767.62769 1882.73108 2
706.32587 1971.87 2
684.33832 1997.30786 2
423.52036 2129.58105 2
488.43781 1844.41772 2
481.25732 1886.45142 2
593.91876 2117.44238 2
629.29108 1896.22937 2
387.94128 1976.25269 2
479.37192 1601.65723 2
1525.02454 1429.89197 1
366.53229 1732.15869 2
815.52234 1874.43433 2
572.33899 1686.6604 2
601.34052 1672.9386 2
560.40057 1458.52161 2
319.81223 1449.62317 2
566.02234 1869.828 2
509.43686 1990.3551 2
597.67969 1487.15649 2
733.85217 2002.19763 2
621.82111 1602.67029 2
379.70947 1333.6405 2
711.65491 1975.72229 2
788.33813 2200.88257 2
587.24438 2327.69556 2
518.81995 1841.948 2
548.39868 1771.6062 2
522.03632 1825.97363 2
517.32635 1240.08154 2
712.51257 1809.45422 2
777.21417 1552.97327 2
447.24966 1651.62256 2
584.36694 2199.86914 2
470.91962 2140.3894 2
522.74573 1962.28198 2
758.87451 2249.20972 2
756.8111 1862.68652 2
436.07846 1837.255 2
650.90363 1634.57861 2
639.20917 2070.07129 2
606.17047 1836.15332 2
560.96741 2350.81641 2
1528.14368 1365.76563 1
503.72171 1947.59827 2
772.40936 1820.5564 2
753.57843 2060.31812 2
739.72742 1878.73315 2
336.32391 1461.01428 2
923.84216 2075.69043 2
915.82703 2210.4978 2
694.82874 3109.02856 2
600.84662 1327.43945 2
564.54279 1932.60132 2
517.92908 1916.68689 2
555.49628 1851.33191 2
261.23132 909.55493 2
242.22018 1308.00281 2
340.06079 1719.44299 2
245.39406 1310.00513 2
410.97339 1683.26501 2
297.60056 1735.9458 2
562.7525 1727.67383 2
515.31195 1803.08069 2
415.60233 1704.94226 2
359.25681 1171.39978 2
431.93762 1729.24805 2
328.2868 1415.69836 2
362.82751 1427.0365 2
332.53577 1517.6687 2
415.45074 1237.87378 2
396.11221 1340.60999 2
362.37277 1157.02454 2
461.08331 1714.17505 2
387.45639 1620.10522 2
508.37592 1595.48828 2
387.2955 1778.08215 2
490.96716 1593.10425 2
277.32623 1449.47461 2
400.83554 1770.72449 2
426.95139 1489.63989 2
329.82367 1440.28442 2
457.18854 1581.97876 2
352.72266 1945.65088 2
375.10287 1807.71655 2
417.81726 1656.00317 2
372.82697 1731.29663 2
500.00742 1884.54724 2
394.11044 1600.13208 2
377.56744 1429.34998 2
453.24664 1807.04858 2
239.60689 1372.58496 2
354.95554 1789.50464 2
332.68246 1596.49817 2
288.3291 1569.52771 2
372.54584 1576.72363 2
278.88693 1341.94995 2
587.70129 1934.57446 2
356.60489 1292.07874 2
339.72614 1436.1189 2
531.06537 1986.52173 2
268.67181 1500.14673 2
429.28534 1574.66724 2
401.03879 1111.84412 2
276.70038 1394.56165 2
355.5137 1789.65393 2
442.43738 1562.61121 2
376.7644 1490.59558 2
472.22314 1616.68958 2
528.35089 1512.84937 2
329.91742 1487.15649 2
481.1731 1652.45837 2
387.88654 1639.90063 2
516.12518 1890.34143 2
279.51306 1310.39246 2
256.5636 1035.73523 2
348.83929 1473.20923 2
378.90567 1551.396 2
374.7153 1483.45386 2
357.38965 1613.95288 2
369.33691 1513.24182 2
459.91644 1595.23047 2
599.4021 1874.92249 2
407.84341 1602.9248 2
392.09595 2038.55994 2
411.4006 1628.45447 2
331.42719 1348.25415 2
380.164 1325.74158 2
322.52225 1578.46887 2
267.61301 1194.7843 2
1398.2312 1056.12244 1
327.42007 1811.65662 2
360.80722 1560.19226 2
406.27817 1678.12793 2
1359.75098 952.02795 1
654.56262 1832.86499 2
517.79498 1546.94019 2
351.04694 1746.23792 2
336.1647 1409.33606 2
476.05392 1329.10583 2
422.51303 1354.33936 2
344.55991 1447.62341 2
393.83972 1110.22668 2
1026.66309 1141.63135 1
751.00677 1719.30029 2
532.55371 1993.54846 2
422.65146 2144.13037 2
402.24591 1963.60461 2
401.87933 1239.90125 2
362.88098 1531.26855 2
401.90656 1648.67505 2
415.24478 1624.42859 2
286.25424 1900.27722 2
387.4697 1585.87219 2
429.43726 1663.62415 2
403.79099 1585.32397 2
599.84473 1529.64551 2
342.08365 1524.2793 2
489.58435 1312.13757 2
1276.76074 1051.27234 1
361.83771 1297.67468 2
323.12399 1524.04382 2
447.2226 1612.4967 2
368.85452 1785.84851 2
288.67358 1511.17456 2
405.21619 1369.73169 2
436.9183 1614.16614 2
467.15842 2057.27881 2
504.57056 2086.89014 2
450.52649 1783.11707 2
374.18018 1110.36072 2
1025.61304 1145.94336 1
373.61804 1180.39795 2
378.90567 1652.58765 2
385.58826 1203.03149 2
632.88202 1954.58801 2
453.50153 1244.89832 2
343.30188 1652.28186 2
1681.46875 1052.73511 1
361.97177 1574.17249 2
590.21619 2070.78198 2
589.84058 1488.34265 2
310.90521 1781.48962 2
497.17896 1489.29541 2
335.0202 1727.43652 2
1466.28784 1035.46057 1
517.23682 1467.29358 2
465.27478 2037.7533 2
343.79776 1716.93347 2
570.49921 1274.66992 2
570.27374 1598.22571 2
500.19916 2116.58228 2
325.53732 1289.60498 2
399.68372 1778.77759 2
479.89429 1524.08167 2
311.47131 1519.56519 2
301.97647 1409.08679 2
435.06387 1287.69763 2
351.00693 1577.01233 2
506.35797 1714.17334 2
324.89719 1239.20203 2
310.01373 1410.052 2
1475.18945 1174.74805 1
398.07309 1385.78845 2
486.89886 1958.02551 2
331.32004 1503.6925 2
271.45749 1445.9801 2
320.7247 1584.4436 2
394.71866 1270.66895 2
510.63635 1556.16516 2
1174.4104 1027.91809 1
416.81274 1866.80884 2
314.57172 1440.86548 2
439.04266 1841.21655 2
574.14166 1917.47583 2
561.58374 1747.34827 2
465.60281 1590.65784 2
441.97562 1695.01147 2
295.48022 1276.10461 2
448.1546 1384.94812 2
323.97699 1360.87183 2
594.39191 1527.47131 2
376.97989 1807.20288 2
1030.14038 2038.12451 2
353.97183 1525.33948 2
446.0459 1384.17761 2
463.73499 1598.14185 2
613.10205 1891.59924 2
592.83594 1505.93054 2
527.43738 2077.10522 2
590.02087 1942.0415 2
474.875 1739.12891 2
382.32916 1658.23071 2
278.53821 1347.18359 2
442.43613 2147.58276 2
466.04507 1568.06006 2
434.01706 1804.75024 2
451.67319 1825.9718 2
407.43445 1578.71729 2
406.30453 1677.58704 2
442.95395 2123.88892 2
370.99469 1509.35107 2
391.75751 1576.39282 2
543.36615 1909.9447 2
251.70718 1458.67542 2
335.19293 1927.27856 2
376.59128 1588.51501 2
433.00644 1730.53479 2
426.10837 1829.34717 2
593.14923 2189.48462 2
459.06216 1568.34717 2
412.56458 2219.86597 2
600.95868 1650.30078 2
400.40268 1721.32153 2
479.90732 1670.75989 2
390.30853 1828.35132 2
322.14767 1757.70972 2
362.72009 1960.06482 2
557.85553 2063.19385 2
958.38916 2023.58032 2
673.08258 1887.64453 2
401.65903 1578.17981 2
662.54187 1280.66675 2
548.28833 1601.23657 2
646.87073 1832.13721 2
614.71997 2355.65942 2
528.01062 1563.93665 2
411.08118 1651.22961 2
351.40585 1725.86487 2
613.92438 2256.59839 2
468.78806 1593.44165 2
445.62476 2441.55103 2
631.92035 1978.30811 2
409.22086 1692.37622 2
439.51691 1417.25391 2
478.02496 1653.77795 2
554.47369 1665.80481 2
520.39276 1872.59937 2
418.31265 1587.43298 2
314.69113 1594.36121 2
439.50244 2355.2605 2
1084.21204 1576.71985 1
535.36945 1749.8855 2
470.63452 1701.99695 2
446.19717 1697.26392 2
498.66357 1819.22778 2
565.66968 1570.50098 2
480.71948 1815.02966 2
619.6308 1967.78601 2
420.50092 1692.79114 2
599.64453 2102.43848 2
415.45135 1778.77502 2
407.74503 1402.42725 2
355.96457 1865.89038 2
1566.7887 1309.7522 1
624.40552 2653.29565 2
461.6091 1915.39136 2
676.40454 1876.38831 2
518.12549 1644.47998 2
364.48734 1359.8158 2
753.18939 1972.15967 2
408.48239 1864.19983 2
434.91867 1648.9801 2
388.492 1547.50977 2
467.52811 1574.17468 2
697.82635 2322.70947 2
613.58551 2226.68481 2
635.97223 2276.90479 2
455.25934 2123.61841 2
399.79352 1884.49414 2
556.70782 1789.7572 2
665.55182 2409.23486 2
468.45822 1733.21545 2
385.74915 1891.979 2
520.36249 1684.0293 2
512.55475 1717.5918 2
546.31537 1653.42236 2
661.15668 1127.29846 -1
552.38104 1968.24951 2
495.01776 2042.43726 2
382.39679 1791.71692 2
1695.33167 1301.70984 1
459.51617 1942.09985 2
579.16479 1769.28723 2
597.76202 2101.84814 2
647.11383 2110.05225 2
591.68793 2110.51514 2
367.1601 1605.8855 2
617.01117 2182.82153 2
1440.50281 1100.47705 1
611.98657 1922.1344 2
577.75555 1770.77429 2
487.76309 1854.21387 2
445.63837 1983.05115 2
705.91205 1980.42517 2
492.14499 1745.99646 2
439.12643 1734.521 2
486.76215 1519.48694 2
361.5419 1972.98267 2
632.2121 2599.53442 2
417.03085 2006.12927 2
728.34857 1858.43079 2
442.85657 1735.41272 2
601.76849 2265.84009 2
333.4437 1502.61523 2
388.19702 1273.8916 2
481.15863 1652.71997 2
278.42667 1434.48181 2
389.3425 1268.07654 2
293.03976 1455.04492 2
368.97571 1517.62952 2
557.38116 2265.61963 2
562.66211 1629.48755 2
363.88388 1582.47888 2
575.27014 2319.75537 2
479.82449 1379.50537 2
495.61862 1535.18506 2
741.47192 1725.66821 2
426.43988 1919.21472 2
652.8205 1588.01367 2
1317.22229 1093.18372 1
516.14117 1667.01257 2
467.418 1798.06311 2
389.27548 1988.62292 2
365.8497 1883.44666 2
375.26495 1569.56665 2
627.03412 1942.90015 2
486.63519 1730.91443 2
391.08298 1422.0907 2
406.99872 1889.68262 2
315.39301 1608.64001 2
770.7699 1763.49902 2
398.28955 1689.33105 2
336.76505 1577.88635 2
299.22754 1593.52295 2
587.71948 1647.1427 2
488.67264 1654.93359 2
673.39044 2162.93652 2
335.27094 1652.36938 2
441.31961 1892.03491 2
366.94516 1218.57483 2
455.57269 1445.61401 2
668.76776 2412.19385 2
500.88083 1916.91174 2
1058.84033 1009.28448 1
344.33258 1431.75244 2
433.3671 1715.6698 2
435.76251 1367.8147 2
551.78632 1786.69434 2
467.20386 1859.44751 2
445.34756 1513.44177 2
681.62512 1692.6991 2
447.52188 1385.64832 2
516.15594 1336.8833 2
379.57495 1899.01538 2
1321.54443 1121.71765 1
515.01422 1768.6427 2
459.29141 2059.81128 2
346.03964 1545.23792 2
460.9855 1654.31104 2
387.34998 1542.91345 2
369.43115 1629.52954 2
618.10193 1651.22729 2
446.51068 2237.87842 2
473.52597 1545.23279 2
555.34241 1869.45007 2
287.65704 1287.15564 2
531.98822 1913.72437 2
1017.30182 1987.84448 2
488.65958 1732.49329 2
506.8092 1972.86133 2
328.55411 1446.96777 2
1380.64185 1102.72571 1
355.39334 1530.71594 2
654.79333 1843.58679 2
651.53711 2246.02661 2
439.99228 1832.0874 2
458.72366 1347.58252 2
924.41681 889.86517 1
765.83948 1938.33447 2
484.38794 1536.10034 2
575.51245 1755.69348 2
560.48315 1873.13794 2
438.0498 1551.55798 2
479.19962 2260.75366 2
486.98804 1978.54297 2
514.81708 2273.11108 2
481.98578 2183.72705 2
1441.37402 982.77893 1
451.81558 1566.62512 2
678.56055 2118.62817 2
410.18066 1927.62134 2
416.13913 2082.80615 2
371.42322 1580.7782 2
443.55548 1598.65027 2
435.51035 1807.91992 2
1032.61218 1077.28845 1
602.46698 3045.27661 2
518.09583 2162.72607 2
328.94052 1717.22168 2
392.24481 1601.0647 2
547.97076 1544.51379 2
507.46649 1594.18945 2
446.75049 1345.94495 2
962.79736 1493.15295 1
1272.16821 1468.59973 1
631.49866 1758.25293 2
325.43195 1948.45288 2
473.78775 1613.95374 2
502.0257 1351.64453 2
683.57874 2038.12549 2
1853.85315 2237.50708 1
502.06805 1385.92712 2
357.08676 1656.80493 2
710.56744 2039.49524 2
663.93939 1923.04565 2
785.62238 2057.97632 2
624.72565 2075.30151 2
371.04883 1359.30823 2
565.34503 1498.02454 2
460.36011 790.88037 -1
417.5014 1596.83545 2
323.93637 1551.96204 2
519.06195 1566.13354 2
498.84601 1723.90808 2
1532.82751 1309.42432 1
635.63055 2330.99561 2
465.46252 1973.2677 2
392.24554 1439.55798 2
636.88599 1770.23059 2
1236.39368 1683.13416 1
392.93408 1749.07544 2
426.17563 1579.45898 2
783.3114 1661.25244 2
981.78876 679.50116 1
646.75012 2167.2644 2
464.20554 1284.93872 2
738.64319 1597.84851 2
591.08643 1983.76709 2
687.04816 1824.22437 2
397.11362 1944.10303 2
1465.13806 1381.12244 1
564.23383 1687.89612 2
537.96149 1524.4364 2
454.82062 1708.27466 2
535.91656 1693.53149 2
476.8923 1708.50366 2
662.69226 2099.22583 2
654.17633 1607.73584 2
367.76038 1539.92053 2
575.8855 2322.47021 2
511.77472 1459.52771 2
503.19525 1691.17993 2
772.45282 1736.95422 2
572.57239 1730.20068 2
481.68295 1630.8269 2
292.05185 1616.00757 2
583.52747 1891.59924 2
495.82544 1469.45923 2
567.92535 2054.56421 2
1656.35938 1468.82446 1
492.23416 1605.0802 2
651.61292 1632.5658 2
602.94928 1673.25464 2
1599.245 1183.86072 1
423.04102 1835.63062 2
544.48242 1797.14343 2
298.84924 1188.50891 2
1192.45764 1167.2041 1
498.61246 1369.25427 2
528.00305 1962.09778 2
1055.60339 2477.54492 2
526.44135 1338.71155 2
819.60944 1870.37195 2
393.13687 1241.21033 2
885.0174 2138.47876 2
1378.23767 1296.45496 1
605.21704 1906.84985 2
589.99078 1772.2002 2
419.75787 2476.28345 2
830.95264 2188.69751 2
695.46216 1730.58191 2
780.74884 2357.13916 2
494.91202 2007.40381 2
605.22864 2055.88232 2
599.90192 1666.88062 2
527.47235 1730.10498 2
525.75751 1694.54846 2
1329.00952 1356.32349 1
1137.81958 1180.74255 1
512.79407 1847.38306 2
761.2066 2042.18994 2
452.24344 1316.08337 2
565.15259 1707.57507 2
532.18762 2245.42358 2
644.26312 2159.00024 2
407.80569 1420.40393 2
478.1312 1690.48657 2
347.92001 2149.93213 2
456.1546 1732.20422 2
403.37146 1420.47363 2
448.39679 1613.52356 2
556.09467 1294.88452 2
386.04688 1708.13049 2
1332.354 1012.62616 1
590.612 1450.87756 2
541.88483 1862.42725 2
333.12344 1337.77856 2
724.77704 1848.85657 2
391.759 2247.24023 2
1014.11975 995.41772 1
591.85529 1403.02649 2
447.97577 1877.69775 2
467.8468 1753.80994 2
398.91278 1387.81787 2
456.77887 1528.6969 2
516.14264 1447.04028 2
1342.22314 1308.35767 1
1161.21582 1119.61267 1
470.06125 1705.13574 2
486.21283 1274.9198 2
460.55948 1602.16443 2
392.04266 1310.71497 2
536.03717 1454.44763 2
421.06735 1506.66968 2
373.49637 1775.64294 2
353.61267 1386.45203 2
1158.55664 1695.51428 1
754.78461 1733.05432 2
387.79446 1488.64575 2
419.7851 1511.13562 2
334.52344 1802.06812 2
488.24921 1904.73877 2
373.56299 1781.53894 2
379.26611 1319.73889 2
618.7923 1479.09998 2
372.25229 1734.33728 2
304.4025 1525.10596 2
1084.23438 1054.15771 1
357.93759 1413.17993 2
411.15527 1826.79834 2
1291.51086 1471.93335 1
412.26605 1512.62146 2
469.28949 1659.33972 2
374.51468 1527.70801 2
483.29828 1763.15601 2
566.93939 1739.42004 2
1793.34094 1421.55371 1
387.14999 1789.30151 2
409.86844 1228.35828 2
373.73724 1313.87061 2
266.32205 1619.7113 2
417.81708 1641.90686 2
341.70853 1982.57556 2
395.66632 1460.52954 2
513.76917 1640.29016 2
361.98474 1699.37512 2
465.87619 1903.74719 2
580.39752 1373.13281 2
436.29248 1521.01941 2
432.48376 1818.86865 2
446.09314 1506.24365 2
402.23267 1407.64099 2
290.98776 1340.24512 2
301.0032 1307.22766 2
408.82962 1366.61975 2
376.24179 1601.78174 2
313.80408 1281.77612 2
420.32211 2005.95129 2
412.67691 1780.01208 2
503.95041 1834.68994 2
538.77679 2112.91284 2
474.04446 2083.38525 2
294.87991 1556.24609 2
535.23877 2037.93787 2
632.37158 1423.06409 2
425.94037 1907.67834 2
328.91434 1616.94788 2
486.77121 1881.08972 2
461.69736 1630.09143 2
440.74716 1497.25183 2
1344.66907 1337.88 1
544.07886 1152.64185 2
490.26205 1905.62634 2
497.4462 1649.07361 2
621.54187 1866.85864 2
603.34271 1676.77612 2
1004.0423 2055.44702 2
499.73047 1629.87537 2
418.71118 1769.78076 2
446.20206 1688.96045 2
463.16504 2029.67712 2
498.59464 1456.97229 2
549.85083 1756.52917 2
241.38634 1404.39063 2
397.64038 1830.58447 2
216.32047 1264.59607 2
529.70398 1997.72595 2
469.7041 2027.81213 2
515.49377 1863.06409 2
664.96594 1909.17712 2
360.74081 1442.93848 2
325.93839 1553.5769 2
504.39374 2004.49609 2
601.96967 2097.66187 2
320.63068 1371.0752 2
332.86972 1633.44336 2
530.36237 1771.70593 2
369.73779 1514.73401 2
538.2984 1319.02051 2
1382.68152 1221.95081 1
352.7627 1648.49976 2
436.26273 1744.49597 2
476.83273 2157.49048 2
351.83154 1306.97095 2
518.85132 1907.63013 2
304.77127 1749.36072 2
1328.38855 1187.29504 1
307.72971 1422.30774 2
241.08426 1231.15247 2
458.59573 1768.74231 2
370.00589 1808.27686 2
385.49631 1238.14417 2
617.00708 1594.14917 2
652.82086 2289.68018 2
284.87567 1547.67139 2
1699.60608 244.09991 0
408.26682 1524.23718 2
513.82623 1916.12122 2
1449.21399 1149.97815 1
506.61374 1536.97449 2
465.31784 1656.31519 2
473.0683 1708.64868 2
1117.38757 980.16467 1
491.04187 1980.84631 2
288.98773 1591.29053 2
375.61334 1667.91821 2
340.74481 1138.20325 2
431.3866 1937.25146 2
578.56635 2014.52563 2
1324.72668 1203.11975 1
394.44791 1279.87366 2
609.37427 2070.19946 2
423.73166 1079.88733 2
287.32501 1521.41321 2
578.69714 1670.22229 2
459.77676 1631.17224 2
455.16122 1527.0365 2
319.88025 1159.45801 2
521.41809 2217.52563 2
468.66022 1657.60852 2
376.96478 2133.21851 2
471.43546 1715.39001 2
1518.61475 1032.05542 1
376.91141 1517.35315 2
418.99957 1812.41956 2
556.1106 1954.18176 2
509.70853 1671.38062 2
856.46735 1801.61023 2
466.63257 1776.94055 2
317.51611 1516.9176 2
360.1391 1422.41553 2
488.42523 2265.54517 2
556.14136 1940.95935 2
350.67334 1854.37036 2
497.98993 1742.08032 2
333.45624 1278.67627 2
518.55011 1698.68738 2
540.48175 1669.00818 2
958.42981 1876.22913 2
800.65875 2613.49072 2
442.08838 1603.42932 2
647.06384 2132.12524 2
287.88989 1308.74646 2
394.85382 1565.76404 2
552.14612 2320.396 2
1128.40259 1140.62317 1
319.63828 1697.67676 2
460.18759 1986.28113 2
332.603 1684.98828 2
307.12164 1453.81189 2
528.83606 2257.12793 2
423.31586 1655.42371 2
671.57928 2201.3833 2
420.00516 1725.09314 2
517.63135 1678.39673 2
320.56418 1471.7782 2
695.45752 2250.78369 2
407.32837 1684.30872 2
463.42108 1500.60962 2
360.87448 1385.36816 2
385.02658 1838.24609 2
1621.40125 1038.55115 1
462.68097 1503.65454 2
517.18182 1166.9519 2
367.37216 1433.13562 2
335.6171 1495.2926 2
899.9198 1461.19958 -1
354.19742 1547.99609 2
397.60074 1325.04895 2
476.80499 1679.12122 2
429.2442 1925.02368 2
612.01111 1580.53174 2
529.97107 1585.15845 2
431.5014 1367.57739 2
406.21097 1484.17761 2
344.27515 1529.01404 2
385.6171 1760.01611 2
670.11133 1545.32117 2
537.03754 1654.05164 2
386.73154 1664.62158 2
548.51428 2126.59863 2
480.53497 1674.60754 2
540.9314 2086.04248 2
428.22141 1859.2312 2
490.74808 1774.69312 2
478.93097 1486.39087 2
956.66553 955.22742 1
480.3627 1686.75842 2
451.13831 1878.51807 2
426.68619 1706.6333 2
428.04156 1849.54163 2
626.80005 1631.12866 2
387.76596 1969.47656 2
599.25861 1789.50208 2
487.62076 1572.39978 2
634.92804 1702.6853 2
496.13431 1808.43127 2
321.56833 1944.10217 2
404.89114 1466.69543 2
343.38013 1264.71899 2
1452.51685 317.82602 0
532.1427 1711.33691 2
446.22098 2132.12109 2
438.14923 1484.52588 2
427.7655 1748.88281 2
501.11804 1639.02429 2
504.97635 2176.7959 2
523.17041 1693.48621 2
446.19269 1287.76147 2
575.93848 1533.50452 2
468.54849 1393.68481 2
380.83298 1648.80945 2
1180.88611 2045.80493 -1
358.6738 1403.09741 2
438.9581 1636.64624 2
372.27945 1564.09094 2
449.89127 2232.35864 2
461.12839 1698.3197 2
547.39624 1958.43359 2
462.63773 1861.52075 2
400.95886 1571.82324 2
560.45563 1640.29163 2
474.41782 1806.02783 2
312.42776 1735.3822 2
473.55872 1405.6958 2
493.55765 1952.73413 2
377.08487 1561.87451 2
419.45816 1145.41455 2
486.75519 2023.65369 2
390.96216 1598.64868 2
379.25311 1637.25891 2
456.63708 1724.04871 2
594.32477 1491.20544 2
363.71024 1711.34351 2
630.0603 1766.41174 2
500.26547 1694.68335 2
509.24622 1699.19202 2
372.66736 2171.79346 2
330.39838 1651.57849 2
1394.97803 1324.17102 1
454.77811 1618.01917 2
448.29803 1461.2749 2
717.362 1588.68396 2
722.36426 1451.50806 2
473.54202 2067.96289 2
640.32361 1713.79248 2
335.95078 1989.34277 2
399.02066 1681.55859 2
488.57547 1690.48499 2
249.09103 587.25 -1
508.12363 2295.50146 2
371.32953 1229.71143 2
685.75989 1627.55627 2
